0
0 0 0 0 
0 0 0 0 
2 2 0 0 
0 0 0 0 
0
2 2 0 0 
0 0 2 0 
0 0 0 0 
0 0 0 0 
4
0 0 0 4 
0 0 0 2 
2 0 0 0 
0 0 0 0 
4
0 2 0 0 
0 0 0 0 
0 0 0 4 
2 0 0 2 
8
2 0 0 0 
0 0 0 0 
4 0 0 0 
4 0 2 0 
16
2 0 2 2 
8 0 0 0 
0 0 0 0 
0 0 0 0 
20
4 2 0 0 
8 0 0 0 
0 0 0 2 
0 0 0 0 
20
4 2 0 2 
8 0 0 0 
0 0 0 0 
4 0 0 0 
24
4 4 0 0 
8 0 0 0 
0 0 0 0 
4 2 0 0 
24
4 4 0 0 
8 2 0 0 
4 0 0 0 
0 0 0 2 
24
4 4 2 2 
8 2 0 0 
4 0 0 0 
0 0 0 0 
36
0 0 8 4 
0 0 8 2 
0 0 0 4 
0 0 0 2 
36
8 4 0 0 
8 2 0 0 
4 0 0 0 
2 0 2 0 
52
16 4 2 0 
4 2 0 0 
2 0 2 0 
0 0 0 0 
56
0 2 0 0 
16 0 0 0 
4 4 0 0 
2 2 4 0 
68
2 0 2 0 
16 0 0 0 
8 0 0 0 
4 4 0 0 
80
4 0 2 0 
16 0 0 0 
8 0 0 0 
8 0 0 0 
96
0 0 0 0 
4 2 0 0 
16 0 0 0 
16 0 2 0 
128
0 0 0 2 
0 0 0 0 
4 0 0 0 
32 2 2 0 
132
2 0 0 0 
0 0 0 0 
4 0 2 0 
32 4 0 0 
132
2 4 2 0 
4 0 2 0 
32 0 0 0 
0 0 0 0 
136
0 0 0 0 
2 0 0 0 
4 4 0 0 
32 4 4 0 
152
0 0 0 0 
2 0 0 0 
8 0 2 0 
32 8 0 0 
152
2 8 2 0 
8 0 0 0 
32 0 0 0 
2 0 0 0 
152
2 0 0 0 
8 0 0 2 
32 0 0 0 
2 8 2 0 
152
2 0 0 0 
8 2 0 0 
32 0 0 2 
2 8 2 0 
152
2 0 0 4 
8 0 0 0 
32 2 0 0 
2 8 2 2 
156
2 4 0 0 
8 0 0 0 
32 2 2 0 
2 8 4 0 
156
2 0 4 0 
8 4 0 0 
32 2 2 0 
2 8 4 0 
160
2 4 0 0 
8 4 0 0 
32 4 0 2 
2 8 4 0 
168
2 0 0 0 
8 4 2 0 
32 8 0 0 
2 8 4 2 
184
2 0 0 2 
8 0 0 0 
32 4 2 0 
2 16 4 2 
188
4 0 0 0 
8 2 0 0 
32 4 2 0 
2 16 4 2 
188
4 2 2 2 
8 4 4 0 
32 16 0 2 
2 0 0 0 
200
4 4 2 2 
8 8 0 0 
32 16 2 0 
2 0 0 0 
204
4 0 0 0 
8 4 0 2 
32 8 0 0 
2 16 4 2 
208
4 0 0 0 
8 4 0 0 
32 8 2 0 
2 16 4 4 
216
4 0 0 0 
8 4 2 0 
32 8 2 0 
2 16 8 0 
220
4 2 0 0 
8 4 0 0 
32 8 4 0 
2 16 8 0 
220
4 2 4 2 
8 4 8 0 
32 8 0 0 
2 16 0 0 
220
4 2 0 0 
8 4 0 0 
32 8 4 2 
2 16 8 2 
224
4 2 0 0 
8 4 0 2 
32 8 4 0 
2 16 8 4 
224
4 2 0 0 
8 4 2 2 
32 8 4 0 
2 16 8 4 
224
4 2 0 0 
8 4 2 2 
32 8 4 2 
2 16 8 4 
228
4 2 2 0 
8 4 4 0 
32 8 4 2 
2 16 8 4 
236
4 2 0 2 
8 4 2 0 
32 8 8 2 
2 16 8 4 
256
4 4 0 0 
8 4 2 2 
32 16 2 0 
2 16 8 4 
300
4 0 0 0 
8 2 0 0 
32 8 4 2 
2 32 8 4 
300
4 2 4 2 
8 8 8 4 
32 32 0 0 
2 0 2 0 
384
4 2 4 2 
16 8 4 0 
64 0 2 0 
4 0 0 0 
392
4 0 0 0 
16 0 2 0 
64 2 8 0 
4 8 2 2 
396
4 0 0 0 
16 2 0 0 
64 2 8 0 
4 8 4 2 
400
4 0 2 0 
16 0 0 0 
64 4 8 0 
4 8 4 2 
400
4 2 0 2 
16 0 0 0 
64 4 8 0 
4 8 4 2 
404
4 0 0 0 
16 2 0 2 
64 4 8 0 
4 8 4 4 
416
4 2 0 0 
16 4 0 0 
64 4 8 0 
4 8 8 0 
432
4 2 0 0 
16 4 0 0 
64 4 8 0 
4 16 0 2 
432
4 2 0 0 
16 4 0 0 
64 4 8 0 
4 16 2 2 
436
4 2 0 0 
16 4 2 0 
64 4 8 0 
4 16 4 0 
444
4 2 2 0 
16 8 8 0 
64 16 4 2 
4 0 0 0 
444
4 2 2 2 
16 8 8 0 
64 16 4 0 
4 2 0 0 
464
4 4 2 0 
16 16 0 0 
64 16 4 0 
4 2 2 0 
496
4 4 2 0 
16 32 4 0 
64 2 2 2 
4 0 0 0 
508
8 2 0 0 
16 32 4 4 
64 4 2 0 
4 0 0 0 
